20	-0.00680038478062852
20.290906698750476	-0.0064043959702909945
20.586044732869844	-0.006012388497827528
20.885475648548283	-0.0056201628900457825
21.189261887185914	-0.005223148262908765
21.49746679841394	-0.004823218872536389
21.810154653305165	-0.004420561563153272
22.12739065777668	-0.004015681251747696
22.449240966187475	-0.0036014376267818424
22.77577269513385	-0.0031702665573544848
23.107053937445478	-0.002721688640605518
23.44315377638505	-0.0022552030832727697
23.784142300054445	-0.0017737736609175544
24.130090616010463	-0.0012777609765686104
24.481070866093134	-0.0007694023493139688
24.837156241469714	-0.0002476306143297159
25.1984209978975	0.0002866139574280543
25.56494047120865	0.0008347865489637946
25.936791093020236	0.0013946240237540863
26.3140504066728	0.001963758996266649
26.69679708340074	0.0025328265178957135
27.08511093873791	0.003093574777015823
27.47907294916184	0.0036469812092629274
27.878765268980047	0.004196298195767178
28.284271247461966	0.0047505139544669304
28.695675446220072	0.00531768038226973
29.11306365684382	0.005908330875132885
29.536522918790062	0.006528219781197588
29.966141537533712	0.007180631312216805
30.402009102982383	0.00785748540409118
30.844216508158908	0.008544978903695726
31.29285596815558	0.00923369178886886
31.74802103936409	0.009923178760607498
32.20980663898519	0.010610892482551777
32.67830906482211	0.011296707981204537
33.153626015361866	0.0119874867755026
33.63585661014871	0.012685967345908133
34.125101410453844	0.013395251005186416
34.62146244024586	0.014123037965873645
35.12504320746613	0.014869672857800574
35.635948725613716	0.015631494140901973
36.15428553564419	0.01640892561405628
36.68016172818701	0.017208758376982356
37.21368696608603	0.018029877312395113
37.754972507267915	0.018864336920205983
38.30413122794313	0.01970316068269574
38.86127764614443	0.020541751885499736
39.4265279456077	0.021385175611168577
40.000000000000206	0.022247973857023033
40.58181339750116	0.023137412374815373
41.1720894657399	0.024052464606787647
41.77095129709678	0.024987433444006186
42.37852377437204	0.025934777478032335
42.9949335968281	0.026887307013252912
43.62030930661056	0.027839982455683584
44.25478131555359	0.028791541728309517
44.89848193237519	0.02974611513687248
45.55154539026795	0.030714861102091304
46.21410787489121	0.03171179461752109
46.88630755277036	0.0327377714086459
47.56828460010916	0.033791936151862406
48.260181232021196	0.03485936707498684
48.962141732186545	0.03592651851012272
49.674312482939705	0.03698472162041256
50.39684199579528	0.038027917206059844
51.129880942417586	0.03905066582121572
51.873582186040764	0.04004666353742926
52.628100813345895	0.04100797167934746
53.393594166801776	0.041925199857669286
54.17022187747612	0.042788939040251994
54.95814589832399	0.04359279270484957
55.75753053796041	0.04433835263266745
56.56854249492426	0.045042352542552636
57.39135089244048	0.04574593286426723
58.226127313687975	0.046519233912996276
59.073045837580466	0.047441287098615045
59.932283075067765	0.0485708884360497
60.804018205965114	0.049917965943268514
61.68843301631817	0.05143843085635466
62.58571193631152	0.053052509152734205
63.49604207872855	0.054669589949720016
64.41961327797075	0.05622892425321599
65.35661812964459	0.057714829514742924
66.3072520307241	0.05914185643363376
67.27171322029778	0.060535990594275224
68.25020282090806	0.061917846764940956
69.2429248804921	0.06329358430637916
70.25008641493265	0.06466606290323829
71.27189745122783	0.06603311126282205
72.30857107128878	0.06739932337296393
73.36032345637442	0.06876792720454802
74.42737393217246	0.0701326773952121
75.50994501453623	0.07149004741544952
76.60826245588666	0.07283797735602561
77.72255529228926	0.0741887504903475
78.85305589121582	0.0755613756240132
80.00000000000082	0.07697379156138495
81.16362679500274	0.07845521014494337
82.34417893148023	0.08004260406026277
83.541902594194	0.08178846782011792
84.75704754874454	0.08374951569568496
85.98986719365665	0.08599015814062076
87.24061861322157	0.08858377560130289
88.50956263110764	0.09160898190082899
89.79696386475084	0.09515981455237424
91.10309078053635	0.0993439561721278
92.42821574978288	0.10424929296812482
93.77261510554118	0.10985822994355741
95.13656920021877	0.11597455171542306
96.52036246404286	0.1222419965476534
97.92428346437356	0.12825774639986842
99.34862496587989	0.1336965768388099
100.79368399159105	0.13839265651300445
102.25976188483567	0.14233696699554538
103.74716437208203	0.14563673967607924
105.25620162669229	0.14843668825427397
106.78718833360406	0.15085405417029848
108.34044375495276	0.15293761744034917
109.9162917966485	0.1546542151936269
111.51506107592134	0.155917900605387
113.13708498984903	0.15661320710296098
114.78270178488147	0.15664263221396138
116.45225462737648	0.15602165111139876
118.14609167516147	0.1549480992717267
119.86456615013608	0.15386142413543363
121.60803641193078	0.15339996787161786
123.3768660326369	0.1542574290054353
125.17142387262359	0.15700220074737634
126.99208415745765	0.1619321506568339
128.83922655594208	0.16902816979470608
130.71323625928977	0.17800223714753657
132.61450406144883	0.18838656970205356
134.5434264405962	0.19959494716628434
136.50040564181674	0.21097251288707275
138.48584976098482	0.2218965977671035
140.50017282986593	0.23191829885529344
142.5437949024563	0.2408623043883435
144.61714214257822	0.24877945147109662
146.7206469127495	0.255830467111819
148.8547478643456	0.2622907596579288
151.01989002907314	0.26849343458587926
153.216524911774	0.2747032979124225
155.4451105845792	0.28104793607038486
157.70611178243232	0.2875768146867124
160.00000000000236	0.29443204558231956
162.3272535900062	0.30188900094172216
164.6883578629612	0.310253523290503
167.08380518838874	0.31970532381125993
169.51409509748981	0.3301571870328241
171.97973438731407	0.34123406662002903
174.4812372264439	0.3524281809767306
177.01912526221608	0.36334332778783096
179.5939277295025	0.37387556000057925
182.20618156107355	0.3842231458285321
184.85643149956664	0.3947399620950868
187.54523021108326	0.40576075363536596
190.27313840043846	0.4174348864188922
193.04072492808663	0.4296460379605395
195.84856692874806	0.4420356962134498
198.69724993176072	0.45414293270816697
201.58736798318304	0.4656514122394986
204.5195237696723	0.4765964390009209
207.49432874416505	0.4874071945614468
210.5124032533856	0.49874792487195746
213.57437666720915	0.5111865377842078
216.68088750990657	0.5249374991988504
219.83258359329807	0.5398469164325589
223.03012215184378	0.5556519797203312
226.2741699796992	0.5721622010000618
229.5654035697641	0.5893087647530479
232.90450925475412	0.6071903778942864
236.2921833503241	0.6260749172873702
239.72913230027333	0.6461210852006878
243.21607282386276	0.6670960703465874
246.75373206527502	0.688417511235684
250.34284774524843	0.7093798676127766
253.9841683149166	0.729339568654265
257.67845311188546	0.7478905928710722
261.42647251858085	0.7649922436526699
265.22900812289896	0.7810516241141279
269.08685288119375	0.7967778924128448
273.0008112836349	0.8129988206080352
276.97169952197106	0.8305561448424614
281.00034565973334	0.8501627805419842
285.0875898049141	0.8721519685476754
289.23428428515797	0.8962762434865544
293.44129382550057	0.9218887900996994
297.7094957286928	0.948378890062405
302.0397800581479	0.9754128194560451
306.4330498235497	1.002849444035132
310.89022116916016	1.0306460792281322
315.41222356486645	1.0589276821456297
320.00000000000654	1.0881491532841872
324.6545071800142	1.1189342461763563
329.3767157259242	1.1515478936043082
334.16761037677935	1.1855211289853618
339.02819019498156	1.2198695356222713
343.95946877463007	1.253643382725542
348.9624744528898	1.286334380560755
354.03825052443415	1.317855658771571
359.187855459007	1.3483685375185204
364.4123631221491	1.3782355738434893
369.71286299913527	1.4081283091818297
375.0904604221685	1.438893029249995
380.54627680087896	1.4711217839912525
386.08144985617537	1.504929612851843
391.6971338574982	1.5401570302641243
397.3944998635236	1.5767202291564175
403.1747359663683	1.6146285365670754
409.0390475393468	1.6538223862890573
414.9886574883323	1.6941894688197945
421.0248065067734	1.7357205489922696
427.1487533344206	1.778397502893049
433.3617750198154	1.8221074223018248
439.6651671865984	1.8666424150649246
446.06024430368984	1.9116689310061465
452.54833995940066	1.9569019510183894
459.13080713953053	2.002254269016252
465.8090185095106	2.047829916369752
472.58436670065066	2.0938910139925593
479.45826460054917	2.140868722188089
486.432145647728	2.189184439726733
493.50746413055253	2.238988391968907
500.6856954904994	2.290186925692995
507.9683366298358	2.3425127017379537
515.3569062237735	2.395657654463197
522.8529450371643	2.44945412004638
530.4580162458005	2.5040925926661766
538.1737057623901	2.5598460959506646
546.0016225672724	2.61660532719013
553.9433990439449	2.673714447214946
562.0006913194694	2.730188228675317
570.1751796098309	2.785094294769703
578.4685685703187	2.8379008645107966
586.8825876510039	2.888680406240328
595.4189914573883	2.937963571015324
604.0795601162986	2.98633507526466
612.8660996471021	3.0339728773900148
621.780442338323	3.0805430278603265
630.8244471297356	3.125511712697739
640.0000000000159	3.1686656960585005
649.3090143600314	3.210353415493935
658.7534314518515	3.2512564137097786
668.3352207535618	3.2919929902044385
678.0563803899662	3.3328841722045044
687.9189375492632	3.3740096854372537
697.9249489057827	3.4154240532921967
708.0765010488715	3.457114059766515
718.3757109180171	3.4986722978504
728.8247262443015	3.53910071401142
739.425725998274	3.5769925841115264
750.1809208443404	3.611207673276424
761.0925536017613	3.6414580667483882
772.1628997123541	3.668264715838688
783.3942677149998	3.6923518857250692
794.7889997270506	3.7140471635315193
806.34947193274	3.7329939507094267
818.0780950786972	3.7484492749674265
829.9773149766683	3.759767178438939
842.0496130135506	3.7671377515978333
854.2975066688449	3.771780842832143
866.7235500396347	3.775356834184458
879.3303343732008	3.7796152862935033
892.1204886073838	3.7861141777664122
905.0966799188055	3.7958684533093012
918.2616142790653	3.8094813910883865
931.6180370190256	3.8274810971665256
945.1687334013056	3.8503037369196136
958.9165292011028	3.87855683313475
972.8642912954606	3.9130538145539666
987.0149282611097	3.9544847374930083
1001.3713909810035	4.003440812973434
1015.9366732596762	4.060317071478646
1030.7138124475518	4.125298457923503
1045.7058900743334	4.198316629527511
1060.916032491606	4.278717795073922
1076.3474115247852	4.365213544475296
1092.0032451345498	4.456307298277496
1107.8867980878947	4.551338965616574
1124.0013826389438	4.65077963959594
1140.350359219667	4.755049331079534
1156.9371371406426	4.863543883331165
1173.765175302013	4.9739202867312375
1190.837982914782	5.081901079333152
1208.1591202326028	5.182700537237283
1225.73219929421	5.274913974961438
1243.5608846766518	5.361803804019516
1261.648894259477	5.4473578582670035
1280.0000000000375	5.534038070889343
1298.6180287200684	5.622781964735949
1317.5068629037087	5.713792945962982
1336.6704415071292	5.807282619551712
1356.112760779938	5.903555234209643
1375.8378750985323	6.002727030587547
1395.8498978115715	6.10462896864715
1416.153002097749	6.209214012405288
1436.7514218360407	6.316641251614238
1457.6494524886093	6.427052544626061
1478.8514519965543	6.540898292631373
1500.3618416886875	6.659239428599186
1522.1851072035295	6.782996079013785
1544.3257994247153	6.9117560706622685
1566.788535430007	7.044811253923479
1589.5779994541087	7.181638173696032
1612.6989438654878	7.321932992129494
1636.156190157402	7.4656722076602255
1659.9546299533442	7.6129936504747
1684.099226027109	7.764273813715184
1708.5950133376978	7.919900842970521
1733.4471000792773	8.080084194505895
1758.6606687464096	8.245041411109392
1784.2409772147755	8.41493636323105
1810.193359837619	8.589897525533765
1836.5232285581387	8.77011688295104
1863.2360740380593	8.955858217320845
1890.3374668026197	9.147339167821615
1917.833058402214	9.344799827049226
1945.7285825909298	9.548258445496923
1974.0298565222283	9.757779297487234
2002.7427819620161	9.973285800918775
2031.8733465193618	10.194780278895132
2061.4276248951132	10.422095745932344
2091.411780148677	10.65518921871406
2121.832064983222	10.893925159937604
2152.694823049581	11.137966774276867
2184.0064902691106	11.387016882391237
2215.7735961758003	11.640829472785335
2248.002765277899	11.899196396851684
2280.7007184393456	12.162041439638585
2313.874274281297	12.429095049501118
2347.530350604038	12.699951539869769
2381.6759658295764	12.974091273981864
2416.318240465218	13.25099764449846
2451.4643985884327	13.530051112561738
2487.1217693533167	13.810586982628534
2523.2977885189675	14.091666495590863
2560.0000000000887	14.371631683188795
2597.236057440151	14.648864506950822
2635.0137258074315	14.920610659613683
2673.340883014273	15.18234201680401
2712.225521559891	15.428123316923577
2751.6757501970797	15.651189740082867
2791.699795623158	15.844359568442266
2832.3060041955137	16.000787359908767
2873.502843672097	16.11734151352968
2915.2989049772345	16.195793734054828
2957.7029039931244	16.24017794480102
3000.723683377391	16.254647585750313
3044.370214407075	16.24088859625413
3088.6515988494466	16.199315929845767
3133.57707086003	16.13261482903781
3179.1559989082334	16.045645542218914
3225.3978877309914	15.944086844289911
3272.3123803148205	15.832367709916179
3319.9092599067053	15.714160818661439
3368.198452054235	15.592151366172363
3417.190026675413	15.46834188818011
3466.8942001585724	15.344060163712154
3517.3213374928373	15.219651849671795
3568.4819544295697	15.095324972941881
3620.386719675257	14.971944850331063
3673.0464571162966	14.84976553935254
3726.472148076138	14.729141884992798
3780.6749336052594	14.611031814196464
3835.6661168044484	14.496120471421843
3891.45716518188	14.384800200408883
3948.059713044477	14.277224765048189
4005.4855639240527	14.173907999726966
4063.746693038744	14.074864580201066
4122.855249790247	13.980352623768237
4182.823560297375	13.890862638743263
4243.664129966465	13.805872689882602
4305.389646099183	13.725171364692017
4368.012980538242	13.648986955973808
4431.5471923516225	13.577016192724088
4496.00553055582	13.508826197448462
4561.401436878714	13.444115014921916
4627.748548562617	13.383172737577352
4695.060701208099	13.325779418945585
4763.351931659176	13.271071031123773
4832.63648093046	13.21892119703097
4902.928797176889	13.16921744886993
4974.243538706657	13.121875494770052
5046.595577037959	13.075976400375632
5120.000000000202	13.031003554245514
5194.472114880326	12.986722411412345
5270.027451614888	12.943301934313398
5346.6817660285715	12.902033617294439
5424.451043119808	12.8613005317646
5503.351500394186	12.812401244541977
5583.399591246343	12.744187353869131
5664.612008391055	12.650174957279706
5747.005687344222	12.53152893375261
5830.597809954497	12.395378506608903
5915.405807986278	12.245897094190695
6001.447366754812	12.083823380415875
6088.740428814181	11.912208394995279
6177.303197698925	11.744767130567014
6267.154141720092	11.60208869310651
6358.3119978165005	11.497865727383504
6450.795775462017	11.433349307578888
6544.624760629676	11.401552665796002
6639.818519813445	11.400398296639894
6736.396904108505	11.432382306485865
6834.380053350861	11.496357109353568
6933.788400317181	11.58565161080543
7034.642674985712	11.690004409797261
7136.963908859177	11.801834925016927
7240.773439350552	11.914864285371774
7346.092914232631	12.024992220050086
7452.944296152315	12.130125267415394
7561.349867210557	12.228268869631682
7671.332233608935	12.31511248810766
7782.914330363799	12.38227511796492
7896.119426088994	12.421496132846103
8010.971127848146	12.432030310007455
8127.49338607753	12.405146507686174
8245.710499580537	12.315412673337432
8365.647120594791	12.126363557992697
8487.328259932974	11.778455100463683
8610.77929219841	11.223363134642131
8736.025961076528	10.50656441474928
8863.094384703289	9.72022577248067
8992.011061111683	8.95271447612743
9122.802873757471	8.278298980901672
9255.497097125279	7.737737590414146
9390.121402416245	7.3693370282177675
9526.7038633184	7.2470842834617795
9665.272961860968	7.402948124048778
9805.857594353829	7.75754976213513
9948.487077413367	8.214355246106459
10093.19115407597	8.707036485750656
10240.000000000457	9.16893285113689
10388.944229760706	9.52481191207678
10540.05490322983	9.665171631458758
10693.363532057198	9.46066110844005
10848.902086239672	8.92498310242153
11006.703000788428	8.21275972851167
11166.799182492743	7.482199930381894
11329.224016782166	6.867885093653094
11494.0113746885	6.396777432428206
11661.195619909053	6.024000440827015
11830.811615972614	5.728988376139427
12002.894733509682	5.500932443150335
12177.48085762842	5.329995082592202
12354.606395397908	5.208838300782463
12534.308283440243	5.132398041240207
12716.62399563306	5.097857768567369
12901.591550924093	5.089908151536955
13089.249521259411	5.096042374769599
13279.637039626952	5.108539038381646
13472.793808217073	5.11281802041348
13668.760106701786	5.071973821298377
13867.576800634426	4.939888413024688
14069.285349971487	4.639859462236623
14273.927817718419	4.165678545199746
14481.54687870117	3.625046737959643
14692.18582846533	3.1164758542988733
14905.888592304698	2.748520269167087
15122.699734421185	2.6784078188673046
15342.664467217943	2.9007003525273714
15565.828660727671	3.2473418159883236
15792.238852178061	3.5898862595848784
16021.942255696367	3.799930378798029
16254.986772155136	3.787251826527704
16491.42099916115	3.6034814682618834
16731.294241189662	3.309135933711223
16974.65651986603	2.9215334731711056
17221.558584396902	2.4478760701231073
17472.051922153143	1.9328142966236908
17726.188769406665	1.4447476860350947
17984.022122223458	1.0765176053424368
18245.605747515034	0.9124982336432835
18510.99419425065	0.8899085484265117
18780.242804832582	0.8900385512440576
19053.40772663689	0.890006155056439
19330.545923722028	0.8899811958392532
19611.71518870775	0.8890002759882729
19896.974154826825	0.8880160416484767
20186.382308152035	0.8879922532504174